
Preprocessing sample email (emailSample1.txt)

==== Processed Email ====

word_indices =  86
anyon word_indices =

    86
   916

know word_indices =

    86
   916
   794

how word_indices =

     86
    916
    794
   1077

much word_indices =

     86
    916
    794
   1077
    883

it word_indices =

     86
    916
    794
   1077
    883
    370

cost word_indices =

     86
    916
    794
   1077
    883
    370
   1699

to word_indices =

     86
    916
    794
   1077
    883
    370
   1699
    790

host a word_indices =

     86
    916
    794
   1077
    883
    370
   1699
    790
   1822

web portal word_indices =

     86
    916
    794
   1077
    883
    370
   1699
    790
   1822
   1831

well word_indices =

     86
    916
    794
   1077
    883
    370
   1699
    790
   1822
   1831
    883

it word_indices =

     86
    916
    794
   1077
    883
    370
   1699
    790
   1822
   1831
    883
    431

depend word_indices =

     86
    916
    794
   1077
    883
    370
   1699
    790
   1822
   1831
    883
    431
   1171

on word_indices =

     86
    916
    794
   1077
    883
    370
   1699
    790
   1822
   1831
    883
    431
   1171
    794

how word_indices =

     86
    916
    794
   1077
    883
    370
   1699
    790
   1822
   1831
    883
    431
   1171
    794
   1002

mani 
visitor word_indices =

     86
    916
    794
   1077
    883
    370
   1699
    790
   1822
   1831
    883
    431
   1171
    794
   1002
   1893

you word_indices =

     86
    916
    794
   1077
    883
    370
   1699
    790
   1822
   1831
    883
    431
   1171
    794
   1002
   1893
   1364

re word_indices =

     86
    916
    794
   1077
    883
    370
   1699
    790
   1822
   1831
    883
    431
   1171
    794
   1002
   1893
   1364
    592

expect word_indices =

     86
    916
    794
   1077
    883
    370
   1699
    790
   1822
   1831
    883
    431
   1171
    794
   1002
   1893
   1364
    592
   1676

thi word_indices =

     86
    916
    794
   1077
    883
    370
   1699
    790
   1822
   1831
    883
    431
   1171
    794
   1002
   1893
   1364
    592
   1676
    238

can word_indices =

     86
    916
    794
   1077
    883
    370
   1699
    790
   1822
   1831
    883
    431
   1171
    794
   1002
   1893
   1364
    592
   1676
    238
    162

be word_indices =

     86
    916
    794
   1077
    883
    370
   1699
    790
   1822
   1831
    883
    431
   1171
    794
   1002
   1893
   1364
    592
   1676
    238
    162
     89

anywher word_indices =

     86
    916
    794
   1077
    883
    370
   1699
    790
   1822
   1831
    883
    431
   1171
    794
   1002
   1893
   1364
    592
   1676
    238
    162
     89
    688

from word_indices =

     86
    916
    794
   1077
    883
    370
   1699
    790
   1822
   1831
    883
    431
   1171
    794
   1002
   1893
   1364
    592
   1676
    238
    162
     89
    688
    945

less word_indices =

     86
    916
    794
   1077
    883
    370
   1699
    790
   1822
   1831
    883
    431
   1171
    794
   1002
   1893
   1364
    592
   1676
    238
    162
     89
    688
    945
   1663

than word_indices =

     86
    916
    794
   1077
    883
    370
   1699
    790
   1822
   1831
    883
    431
   1171
    794
   1002
   1893
   1364
    592
   1676
    238
    162
     89
    688
    945
   1663
   1120

number buck a word_indices =

     86
    916
    794
   1077
    883
    370
   1699
    790
   1822
   1831
    883
    431
   1171
    794
   1002
   1893
   1364
    592
   1676
    238
    162
     89
    688
    945
   1663
   1120
   1062

month word_indices =

     86
    916
    794
   1077
    883
    370
   1699
    790
   1822
   1831
    883
    431
   1171
    794
   1002
   1893
   1364
    592
   1676
    238
    162
     89
    688
    945
   1663
   1120
   1062
   1699


to a word_indices =

     86
    916
    794
   1077
    883
    370
   1699
    790
   1822
   1831
    883
    431
   1171
    794
   1002
   1893
   1364
    592
   1676
    238
    162
     89
    688
    945
   1663
   1120
   1062
   1699
    375

coupl word_indices =

     86
    916
    794
   1077
    883
    370
   1699
    790
   1822
   1831
    883
    431
   1171
    794
   1002
   1893
   1364
    592
   1676
    238
    162
     89
    688
    945
   1663
   1120
   1062
   1699
    375
   1162

of word_indices =

     86
    916
    794
   1077
    883
    370
   1699
    790
   1822
   1831
    883
    431
   1171
    794
   1002
   1893
   1364
    592
   1676
    238
    162
     89
    688
    945
   1663
   1120
   1062
   1699
    375
   1162
    479

dollarnumb word_indices =

     86
    916
    794
   1077
    883
    370
   1699
    790
   1822
   1831
    883
    431
   1171
    794
   1002
   1893
   1364
    592
   1676
    238
    162
     89
    688
    945
   1663
   1120
   1062
   1699
    375
   1162
    479
   1893

you word_indices =

     86
    916
    794
   1077
    883
    370
   1699
    790
   1822
   1831
    883
    431
   1171
    794
   1002
   1893
   1364
    592
   1676
    238
    162
     89
    688
    945
   1663
   1120
   1062
   1699
    375
   1162
    479
   1893
   1510

should checkout word_indices =

     86
    916
    794
   1077
    883
    370
   1699
    790
   1822
   1831
    883
    431
   1171
    794
   1002
   1893
   1364
    592
   1676
    238
    162
     89
    688
    945
   1663
   1120
   1062
   1699
    375
   1162
    479
   1893
   1510
    799

httpaddr word_indices =

     86
    916
    794
   1077
    883
    370
   1699
    790
   1822
   1831
    883
    431
   1171
    794
   1002
   1893
   1364
    592
   1676
    238
    162
     89
    688
    945
   1663
   1120
   1062
   1699
    375
   1162
    479
   1893
   1510
    799
   1182

or word_indices =

     86
    916
    794
   1077
    883
    370
   1699
    790
   1822
   1831
    883
    431
   1171
    794
   1002
   1893
   1364
    592
   1676
    238
    162
     89
    688
    945
   1663
   1120
   1062
   1699
    375
   1162
    479
   1893
   1510
    799
   1182
   1237

perhap amazon ecnumb word_indices =

     86
    916
    794
   1077
    883
    370
   1699
    790
   1822
   1831
    883
    431
   1171
    794
   1002
   1893
   1364
    592
   1676
    238
    162
     89
    688
    945
   1663
   1120
   1062
   1699
    375
   1162
    479
   1893
   1510
    799
   1182
   1237
    810


if word_indices =

     86
    916
    794
   1077
    883
    370
   1699
    790
   1822
   1831
    883
    431
   1171
    794
   1002
   1893
   1364
    592
   1676
    238
    162
     89
    688
    945
   1663
   1120
   1062
   1699
    375
   1162
    479
   1893
   1510
    799
   1182
   1237
    810
   1895

your word_indices =

     86
    916
    794
   1077
    883
    370
   1699
    790
   1822
   1831
    883
    431
   1171
    794
   1002
   1893
   1364
    592
   1676
    238
    162
     89
    688
    945
   1663
   1120
   1062
   1699
    375
   1162
    479
   1893
   1510
    799
   1182
   1237
    810
   1895
   1440

run word_indices =

     86
    916
    794
   1077
    883
    370
   1699
    790
   1822
   1831
    883
    431
   1171
    794
   1002
   1893
   1364
    592
   1676
    238
    162
     89
    688
    945
   1663
   1120
   1062
   1699
    375
   1162
    479
   1893
   1510
    799
   1182
   1237
    810
   1895
   1440
   1547

someth word_indices =

     86
    916
    794
   1077
    883
    370
   1699
    790
   1822
   1831
    883
    431
   1171
    794
   1002
   1893
   1364
    592
   1676
    238
    162
     89
    688
    945
   1663
   1120
   1062
   1699
    375
   1162
    479
   1893
   1510
    799
   1182
   1237
    810
   1895
   1440
   1547
    181

big word_indices =

     86
    916
    794
   1077
    883
    370
   1699
    790
   1822
   1831
    883
    431
   1171
    794
   1002
   1893
   1364
    592
   1676
    238
    162
     89
    688
    945
   1663
   1120
   1062
   1699
    375
   1162
    479
   1893
   1510
    799
   1182
   1237
    810
   1895
   1440
   1547
    181
   1699

to word_indices =

     86
    916
    794
   1077
    883
    370
   1699
    790
   1822
   1831
    883
    431
   1171
    794
   1002
   1893
   1364
    592
   1676
    238
    162
     89
    688
    945
   1663
   1120
   1062
   1699
    375
   1162
    479
   1893
   1510
    799
   1182
   1237
    810
   1895
   1440
   1547
    181
   1699
   1758

unsubscrib word_indices =

     86
    916
    794
   1077
    883
    370
   1699
    790
   1822
   1831
    883
    431
   1171
    794
   1002
   1893
   1364
    592
   1676
    238
    162
     89
    688
    945
   1663
   1120
   1062
   1699
    375
   1162
    479
   1893
   1510
    799
   1182
   1237
    810
   1895
   1440
   1547
    181
   1699
   1758
   1896

yourself word_indices =

     86
    916
    794
   1077
    883
    370
   1699
    790
   1822
   1831
    883
    431
   1171
    794
   1002
   1893
   1364
    592
   1676
    238
    162
     89
    688
    945
   1663
   1120
   1062
   1699
    375
   1162
    479
   1893
   1510
    799
   1182
   1237
    810
   1895
   1440
   1547
    181
   1699
   1758
   1896
    688

from word_indices =

     86
    916
    794
   1077
    883
    370
   1699
    790
   1822
   1831
    883
    431
   1171
    794
   1002
   1893
   1364
    592
   1676
    238
    162
     89
    688
    945
   1663
   1120
   1062
   1699
    375
   1162
    479
   1893
   1510
    799
   1182
   1237
    810
   1895
   1440
   1547
    181
   1699
   1758
   1896
    688
   1676

thi word_indices =

     86
    916
    794
   1077
    883
    370
   1699
    790
   1822
   1831
    883
    431
   1171
    794
   1002
   1893
   1364
    592
   1676
    238
    162
     89
    688
    945
   1663
   1120
   1062
   1699
    375
   1162
    479
   1893
   1510
    799
   1182
   1237
    810
   1895
   1440
   1547
    181
   1699
   1758
   1896
    688
   1676
    992

mail word_indices =

     86
    916
    794
   1077
    883
    370
   1699
    790
   1822
   1831
    883
    431
   1171
    794
   1002
   1893
   1364
    592
   1676
    238
    162
     89
    688
    945
   1663
   1120
   1062
   1699
    375
   1162
    479
   1893
   1510
    799
   1182
   1237
    810
   1895
   1440
   1547
    181
   1699
   1758
   1896
    688
   1676
    992
    961

list word_indices =

     86
    916
    794
   1077
    883
    370
   1699
    790
   1822
   1831
    883
    431
   1171
    794
   1002
   1893
   1364
    592
   1676
    238
    162
     89
    688
    945
   1663
   1120
   1062
   1699
    375
   1162
    479
   1893
   1510
    799
   1182
   1237
    810
   1895
   1440
   1547
    181
   1699
   1758
   1896
    688
   1676
    992
    961
   1477

send word_indices =

     86
    916
    794
   1077
    883
    370
   1699
    790
   1822
   1831
    883
    431
   1171
    794
   1002
   1893
   1364
    592
   1676
    238
    162
     89
    688
    945
   1663
   1120
   1062
   1699
    375
   1162
    479
   1893
   1510
    799
   1182
   1237
    810
   1895
   1440
   1547
    181
   1699
   1758
   1896
    688
   1676
    992
    961
   1477
     71

an word_indices =

     86
    916
    794
   1077
    883
    370
   1699
    790
   1822
   1831
    883
    431
   1171
    794
   1002
   1893
   1364
    592
   1676
    238
    162
     89
    688
    945
   1663
   1120
   1062
   1699
    375
   1162
    479
   1893
   1510
    799
   1182
   1237
    810
   1895
   1440
   1547
    181
   1699
   1758
   1896
    688
   1676
    992
    961
   1477
     71
    530


email word_indices =

     86
    916
    794
   1077
    883
    370
   1699
    790
   1822
   1831
    883
    431
   1171
    794
   1002
   1893
   1364
    592
   1676
    238
    162
     89
    688
    945
   1663
   1120
   1062
   1699
    375
   1162
    479
   1893
   1510
    799
   1182
   1237
    810
   1895
   1440
   1547
    181
   1699
   1758
   1896
    688
   1676
    992
    961
   1477
     71
    530
   1699

to word_indices =

     86
    916
    794
   1077
    883
    370
   1699
    790
   1822
   1831
    883
    431
   1171
    794
   1002
   1893
   1364
    592
   1676
    238
    162
     89
    688
    945
   1663
   1120
   1062
   1699
    375
   1162
    479
   1893
   1510
    799
   1182
   1237
    810
   1895
   1440
   1547
    181
   1699
   1758
   1896
    688
   1676
    992
    961
   1477
     71
    530
   1699
    531

emailaddr 

=========================
Word Indices: 
 86 916 794 1077 883 370 1699 790 1822 1831 883 431 1171 794 1002 1893 1364 592 1676 238 162 89 688 945 1663 1120 1062 1699 375 1162 479 1893 1510 799 1182 1237 810 1895 1440 1547 181 1699 1758 1896 688 1676 992 961 1477 71 530 1699 531

Program paused. Press enter to continue.
